v -2.97833013535 0.217243239284
v -2.86846661568 -0.158344432712
v -2.60274171829 -0.408544898033
v -2.2154302597 -0.468370497227
v -1.82524228096 -0.506005525589
v -1.43354582787 -0.524795114994
v -1.04185056686 -0.543584644794
v -0.650149583817 -0.562201440334
v -0.258139669895 -0.555494129658
v 0.133554786444 -0.539315760136
v 0.523169517517 -0.494848102331
v 0.912705361843 -0.449678242207
v 1.29783368111 -0.376700401306
v 1.68224585056 -0.299201101065
v 1.79299783707 0.00693383812904
v 1.72402095795 0.384966462851
v 1.54809570312 0.735441803932
v 1.37217617035 1.08590555191
v 1.19625091553 1.43638086319
v 1.02032566071 1.78685617447
v 0.844406187534 2.13732004166
v 0.668480873108 2.48779535294
v 0.492561459541 2.8382589817
v 0.31663620472 3.18873429298
v 0.140710830688 3.53920984268
v -0.0352085828781 3.88967347145
v -0.2111338377 4.24014902115
v -0.387053370476 4.5906124115
v -0.562978625298 4.94108772278
v -0.738903880119 5.29156351089
v -0.914823412895 5.64202690125
v -1.09074866772 5.99250221252
v -1.26666820049 6.34296607971
v -1.47060275078 6.2954955101
v -1.56855452061 5.91577911377
v -1.66650629044 5.5360622406
v -1.76445508003 5.1563577652
v -1.86240684986 4.77664136887
v -1.96035861969 4.39692497253
v -2.05831050873 4.01720809937
v -2.15626215935 3.63749194145
v -2.25421404839 3.25777554512
v -2.35216569901 2.87805891037
v -2.45011758804 2.49834251404
v -2.54806947708 2.11862611771
v -2.6460211277 1.73890972137
v -2.74397301674 1.35919332504
v -2.84192466736 0.979476928711
v -2.9398765564 0.599760532379
v -1.43028688431 6.45178222656
v -1.19426453114 6.1987247467
v -1.01834142208 5.8482542038
v -0.842418670654 5.49778366089
v -0.666495621204 5.14731264114
v -0.49057251215 4.7968416214
v -0.314649820328 4.44637107849
v -0.138727068901 4.09590148926
v 0.0371960401535 3.74543023109
v 0.213119149208 3.39495921135
v 0.389042258263 3.0444881916
v 0.564965367317 2.69401717186
v 0.740887761116 2.34354782104
v 0.916810870171 1.9930768013
v 1.09273397923 1.64260578156
v 1.26865708828 1.29213476181
v 1.4445797205 0.941664218903
v 1.62050259113 0.591194152832
v 1.78692805767 0.23760150373
v 1.79724347591 -0.154408872128
v 1.52403080463 -0.331098020077
v 1.13961935043 -0.408597171307
v 0.752380847931 -0.468269169331
v 0.362845718861 -0.513438940048
v -0.0275126174092 -0.548032820225
v -0.419454544783 -0.56071305275
v -0.811366796494 -0.554640889168
v -1.20306324959 -0.535851299763
v -1.59475958347 -0.517061710358
v -1.98630285263 -0.49562895298
v -2.37541890144 -0.447094798088
v -2.75457835197 -0.35502371192
v -2.92289710045 -0.00644252076745
v -2.99751257896 0.37633061409
v -2.89956068993 0.756047010422
v -2.80160903931 1.13576340675
v -2.70365715027 1.5154800415
v -2.60570526123 1.89519643784
v -2.50775361061 2.27491283417
v -2.40980172157 2.6546292305
v -2.31185007095 3.03434562683
v -2.21390128136 3.41405034065
v -2.11594939232 3.7937669754
v -2.0179977417 4.17348337173
v -1.92004585266 4.5532002449
v -1.82209408283 4.93291664124
v -1.72414219379 5.31263303757
v -1.62619042397 5.6923494339
v -1.52823865414 6.07206583023
f 0 1 2 3 4 5 6 7 8 9 10 11 12 13 14 15 16 17 18 19 20 21 22 23 24 25 26 27 28 29 30 31 32 33 34 35 36 37 38 39 40 41 42 43 44 45 46 47 48 
f 49 50 51 52 53 54 55 56 57 58 59 60 61 62 63 64 65 66 67 68 69 70 71 72 73 74 75 76 77 78 79 80 81 82 83 84 85 86 87 88 89 90 91 92 93 94 95 96 97 